16 2.12753 2.158 0.0304687
16 2.07336 2.158 0.08464
16 2.09398 2.158 0.0640175
16 2.06811 2.158 0.0898879
16 2.09349 2.158 0.0645082
16 2.1022 2.158 0.0557997
16 2.08632 2.158 0.0716846
16 2.07418 2.158 0.0838213
16 2.09002 2.158 0.0679822
16 2.09997 2.158 0.058034
16 2.09071 2.158 0.0672925
16 2.10513 2.158 0.052866
29 2.1486 2.132 0.0165991
29 2.12796 2.132 0.00404099
29 2.12174 2.132 0.0102561
29 2.11179 2.132 0.0202089
29 2.14877 2.132 0.0167691
29 2.14408 2.132 0.0120775
29 2.13703 2.132 0.00502512
29 2.12938 2.132 0.00261644
29 2.11579 2.132 0.0162082
29 2.12437 2.132 0.00763109
29 2.17018 2.132 0.0381834
29 2.13229 2.132 0.000287025
33 2.16085 2.288 0.127149
33 2.19298 2.288 0.0950188
33 2.20063 2.288 0.087371
33 2.18238 2.288 0.105617
33 2.13587 2.288 0.152135
33 2.22954 2.288 0.0584613
33 2.17731 2.288 0.110692
33 2.12268 2.288 0.165324
33 2.21575 2.288 0.0722472
33 2.17054 2.288 0.117465
33 2.20146 2.288 0.0865358
33 2.09984 2.288 0.188162
37 2.21738 2.128 0.0893841
37 2.20936 2.128 0.0813625
37 2.24712 2.128 0.119119
37 2.225 2.128 0.096997
37 2.18057 2.128 0.0525651
37 2.23792 2.128 0.109923
37 2.21733 2.128 0.0893307
37 2.23869 2.128 0.110695
37 2.20531 2.128 0.0773082
37 2.17614 2.128 0.0481372
37 2.21266 2.128 0.0846584
37 2.2441 2.128 0.116096
39 2.27232 2.388 0.11568
39 2.27682 2.388 0.111181
39 2.22609 2.388 0.161911
39 2.23006 2.388 0.157944
39 2.25879 2.388 0.129207
39 2.29946 2.388 0.0885424
39 2.2708 2.388 0.1172
39 2.27635 2.388 0.111649
39 2.24241 2.388 0.145591
39 2.25717 2.388 0.130831
39 2.27086 2.388 0.117143
39 2.25446 2.388 0.133538
51 2.33159 2.368 0.0364113
51 2.32521 2.368 0.0427859
51 2.3413 2.368 0.0267031
51 2.32439 2.368 0.043607
51 2.32367 2.368 0.0443334
51 2.33337 2.368 0.034625
51 2.33372 2.368 0.0342846
51 2.34714 2.368 0.0208633
51 2.32669 2.368 0.0413146
51 2.31761 2.368 0.0503878
51 2.34365 2.368 0.0243516
51 2.32331 2.368 0.0446925
72 2.28191 2.344 0.0620896
72 2.29571 2.344 0.0482916
72 2.29862 2.344 0.0453826
72 2.29114 2.344 0.0528583
72 2.27125 2.344 0.0727533
72 2.2918 2.344 0.0521966
72 2.30755 2.344 0.03645
72 2.27848 2.344 0.0655154
72 2.2806 2.344 0.063398
72 2.30103 2.344 0.0429744
72 2.28647 2.344 0.0575315
72 2.28267 2.344 0.0613321
80 2.51858 2.354 0.164578
80 2.48078 2.354 0.126783
80 2.49589 2.354 0.141887
80 2.49994 2.354 0.145938
80 2.4964 2.354 0.1424
80 2.48701 2.354 0.13301
80 2.48158 2.354 0.127583
80 2.5056 2.354 0.151595
80 2.49784 2.354 0.143838
80 2.50879 2.354 0.154785
80 2.47006 2.354 0.116057
80 2.49202 2.354 0.138016
96 2.19899 2.294 0.095007
96 2.2142 2.294 0.0798036
96 2.20281 2.294 0.0911923
96 2.21644 2.294 0.0775608
96 2.21016 2.294 0.0838366
96 2.19375 2.294 0.100249
96 2.20218 2.294 0.091817
96 2.18286 2.294 0.111137
96 2.20294 2.294 0.0910569
96 2.22105 2.294 0.0729457
96 2.20878 2.294 0.0852221
96 2.22896 2.294 0.0650416
105 1.98081 2.062 0.0811859
105 1.9471 2.062 0.114901
105 1.9648 2.062 0.0971964
105 1.97887 2.062 0.0831289
105 1.97526 2.062 0.0867383
105 1.97622 2.062 0.0857813
105 1.97886 2.062 0.0831428
105 1.96164 2.062 0.100365
105 1.95777 2.062 0.104229
105 1.99866 2.062 0.0633412
105 1.96086 2.062 0.10114
105 1.98118 2.062 0.0808245
109 2.12686 2.21 0.0831387
109 2.08085 2.21 0.129152
109 2.13802 2.21 0.0719845
109 2.086 2.21 0.124
109 2.07793 2.21 0.132067
109 2.04701 2.21 0.162992
109 2.06045 2.21 0.149552
109 2.09416 2.21 0.115838
109 2.09147 2.21 0.118534
109 2.10698 2.21 0.103022
109 2.06172 2.21 0.148284
109 2.06139 2.21 0.148611
116 2.31954 2.31 0.00953597
116 2.28499 2.31 0.0250116
116 2.2955 2.31 0.0145023
116 2.33747 2.31 0.0274724
116 2.25722 2.31 0.0527781
116 2.27462 2.31 0.0353778
116 2.30286 2.31 0.00713807
116 2.27016 2.31 0.0398431
116 2.26983 2.31 0.0401714
116 2.27906 2.31 0.0309435
116 2.23908 2.31 0.0709243
116 2.26409 2.31 0.0459099
170 2.12205 2.088 0.0340453
170 2.15109 2.088 0.0630894
170 2.14314 2.088 0.0551444
170 2.15227 2.088 0.0642677
170 2.14764 2.088 0.0596393
170 2.16734 2.088 0.0793367
170 2.16963 2.088 0.0816298
170 2.13353 2.088 0.0455313
170 2.16355 2.088 0.0755516
170 2.15856 2.088 0.0705565
170 2.12618 2.088 0.0381768
170 2.13515 2.088 0.0471528
179 2.33231 2.47 0.137688
179 2.35403 2.47 0.115967
179 2.39152 2.47 0.0784774
179 2.35692 2.47 0.11308
179 2.36785 2.47 0.102152
179 2.33201 2.47 0.137994
179 2.31603 2.47 0.153973
179 2.30842 2.47 0.161575
179 2.31522 2.47 0.154783
179 2.33848 2.47 0.131516
179 2.34549 2.47 0.124514
179 2.32001 2.47 0.149995
196 2.20184 2.196 0.00583611
196 2.18166 2.196 0.0143401
196 2.13469 2.196 0.0613119
196 2.16058 2.196 0.0354163
196 2.18391 2.196 0.0120868
196 2.19004 2.196 0.00596203
196 2.17611 2.196 0.0198873
196 2.22363 2.196 0.0276345
196 2.1619 2.196 0.0341026
196 2.16075 2.196 0.0352508
196 2.16812 2.196 0.0278825
196 2.15474 2.196 0.0412594
207 2.22623 2.05 0.176227
207 2.16666 2.05 0.116657
207 2.2266 2.05 0.176598
207 2.16883 2.05 0.118828
207 2.19741 2.05 0.14741
207 2.17328 2.05 0.123284
207 2.17996 2.05 0.129958
207 2.21028 2.05 0.160276
207 2.15365 2.05 0.103653
207 2.20852 2.05 0.158523
207 2.18113 2.05 0.131131
207 2.21097 2.05 0.160975
213 2.38625 2.348 0.038251
213 2.3613 2.348 0.013304
213 2.33683 2.348 0.011167
213 2.34446 2.348 0.00354047
213 2.37387 2.348 0.0258716
213 2.36383 2.348 0.0158346
213 2.34607 2.348 0.00192804
213 2.35382 2.348 0.00581961
213 2.35054 2.348 0.00254278
213 2.41282 2.348 0.0648151
213 2.37227 2.348 0.0242684
213 2.34719 2.348 0.000813911
219 2.46505 2.554 0.0889519
219 2.47007 2.554 0.0839299
219 2.48281 2.554 0.0711928
219 2.47039 2.554 0.0836085
219 2.47914 2.554 0.074864
219 2.48019 2.554 0.0738054
219 2.5039 2.554 0.0500968
219 2.47156 2.554 0.0824371
219 2.45796 2.554 0.0960403
219 2.49664 2.554 0.0573627
219 2.48005 2.554 0.0739537
219 2.47798 2.554 0.076018
240 2.04957 2.106 0.0564328
240 2.01256 2.106 0.0934437
240 2.05497 2.106 0.0510319
240 2.04441 2.106 0.0615943
240 2.04596 2.106 0.0600398
240 2.08662 2.106 0.019379
240 2.08249 2.106 0.0235138
240 2.03287 2.106 0.0731283
240 2.07888 2.106 0.0271195
240 2.06126 2.106 0.0447391
240 2.07618 2.106 0.0298231
240 2.03788 2.106 0.0681208
257 1.98478 1.962 0.0227772
257 2.02438 1.962 0.0623835
257 2.03637 1.962 0.0743741
257 1.98972 1.962 0.027717
257 1.98948 1.962 0.0274842
257 2.01004 1.962 0.0480408
257 1.9952 1.962 0.0331966
257 2.0044 1.962 0.0423986
257 2.00008 1.962 0.038077
257 1.98967 1.962 0.0276744
257 1.97404 1.962 0.0120435
257 2.02708 1.962 0.0650782
268 2.16877 2.19 0.0212294
268 2.17978 2.19 0.0102193
268 2.18117 2.19 0.00882882
268 2.15135 2.19 0.038654
268 2.17428 2.19 0.0157186
268 2.1771 2.19 0.0129041
268 2.16675 2.19 0.0232541
268 2.2073 2.19 0.0172995
268 2.17785 2.19 0.0121486
268 2.21187 2.19 0.0218692
268 2.15615 2.19 0.033847
268 2.1909 2.19 0.000903187
271 2.49772 2.458 0.0397224
271 2.56895 2.458 0.110952
271 2.53336 2.458 0.0753612
271 2.55052 2.458 0.0925178
271 2.48952 2.458 0.0315213
271 2.53111 2.458 0.0731067
271 2.56343 2.458 0.105428
271 2.55259 2.458 0.0945947
271 2.52671 2.458 0.0687086
271 2.53431 2.458 0.076308
271 2.56995 2.458 0.111947
271 2.55422 2.458 0.0962235
284 2.0005 1.984 0.0164983
284 2.04258 1.984 0.0585808
284 2.01144 1.984 0.0274384
284 2.00868 1.984 0.0246792
284 2.03506 1.984 0.051058
284 1.97669 1.984 0.00731185
284 2.03415 1.984 0.0501532
284 2.01397 1.984 0.0299668
284 1.9922 1.984 0.00820121
284 2.00163 1.984 0.0176308
284 1.99421 1.984 0.0102068
284 2.0191 1.984 0.0351023
295 2.40746 2.498 0.0905353
295 2.36736 2.498 0.130638
295 2.37749 2.498 0.120512
295 2.40371 2.498 0.0942913
295 2.34924 2.498 0.148762
295 2.37683 2.498 0.121166
295 2.38642 2.498 0.111583
295 2.38503 2.498 0.112969
295 2.40845 2.498 0.089548
295 2.37558 2.498 0.122419
295 2.37164 2.498 0.126365
295 2.3788 2.498 0.119204
